Mean = 12.9780306
Min = 11.116421
Max = 16.24584
Std = 1.39361380616
