Mean = 14.9981066
Min = 12.705058
Max = 18.319071
Std = 1.67305155211
