Mean = 92.562917
Min = 90.072081
Max = 94.344253
Std = 1.06129684992
