Mean = 27.9979938
Min = 26.22588
Max = 30.67185
Std = 1.59056806457
