Mean = 13.4681633
Min = 12.124133
Max = 15.950523
Std = 1.03454397772
