Mean = 14.0818597
Min = 12.802546
Max = 15.448562
Std = 0.742992949834
