Mean = 28.1070943
Min = 26.339325
Max = 32.003614
Std = 1.64636432823
