Mean = 13.0446596
Min = 11.948489
Max = 14.244435
Std = 0.641130405472
