Mean = 14.363791
Min = 12.138363
Max = 17.083162
Std = 1.48294798281
