Mean = 13.2297856
Min = 11.682324
Max = 15.339498
Std = 1.2134186139
