Mean = 93.5078688
Min = 90.663509
Max = 101.234532
Std = 2.9143374987
