Mean = 48.6624009
Min = 45.568165
Max = 54.029226
Std = 2.83601184237
