Mean = 16.4039215
Min = 14.092533
Max = 18.380089
Std = 1.15718154191
