Mean = 17.7985479
Min = 16.365395
Max = 20.585939
Std = 1.47737586921
