Mean = 27.9299422
Min = 26.104928
Max = 30.589651
Std = 1.45677951848
