Mean = 48.0833116
Min = 45.990618
Max = 50.796144
Std = 1.62271429624
