Mean = 48.229747
Min = 46.265556
Max = 51.994739
Std = 1.84410503835
