Mean = 27.9225402
Min = 26.669053
Max = 29.251163
Std = 0.758134940306
