Mean = 27.3261528
Min = 24.703297
Max = 29.833491
Std = 1.49238430991
