Mean = 14.1406362
Min = 13.1805
Max = 15.288536
Std = 0.70457013357
