Mean = 47.1265231
Min = 44.473093
Max = 54.50654
Std = 2.67248516712
