Mean = 92.1608739
Min = 90.403928
Max = 94.390825
Std = 0.995451452086
