Mean = 12.7899718
Min = 11.622728
Max = 14.32083
Std = 0.966314076932
