Mean = 27.6247146
Min = 25.796198
Max = 29.569853
Std = 1.12156869864
