Mean = 17.0698056
Min = 16.076099
Max = 20.258223
Std = 1.17593553197
