Mean = 14.4680815
Min = 12.887725
Max = 18.287677
Std = 1.49982256992
