Mean = 13.3536082
Min = 12.646559
Max = 14.504898
Std = 0.602706583445
