Mean = 47.409063
Min = 44.05761
Max = 52.524073
Std = 2.59967136022
