Mean = 93.1366492
Min = 90.665746
Max = 96.427481
Std = 1.6523932341
