Mean = 92.6155392
Min = 91.60643
Max = 95.193659
Std = 0.929138583893
