Mean = 27.7645637
Min = 25.706222
Max = 30.141444
Std = 1.32708420226
