Mean = 16.5054396
Min = 15.072688
Max = 17.781842
Std = 0.958194612753
