Mean = 48.3237467
Min = 45.649851
Max = 51.806019
Std = 2.10466694399
