Mean = 92.3281368
Min = 90.914719
Max = 94.136487
Std = 0.988338037748
