Mean = 13.6823277
Min = 11.820948
Max = 16.702023
Std = 1.43790012917
