Mean = 27.993375
Min = 27.993375
Max = 27.993375
Std = 0.0
