Mean = 17.170236
Min = 17.170236
Max = 17.170236
Std = 0.0
