Mean = 12.152054
Min = 12.152054
Max = 12.152054
Std = 0.0
