Mean = 45.396018
Min = 45.396018
Max = 45.396018
Std = 0.0
