Mean = 13.780004
Min = 13.780004
Max = 13.780004
Std = 0.0
