Mean = 49.1935364
Min = 45.849806
Max = 52.434311
Std = 2.25686175029
