Mean = 14.5229801
Min = 13.358633
Max = 15.402834
Std = 0.524679360681
