Mean = 16.8322567
Min = 14.857027
Max = 17.781757
Std = 0.801380936892
