Mean = 13.0078389
Min = 11.626325
Max = 16.385158
Std = 1.34148506645
