Mean = 92.2483756
Min = 89.533245
Max = 96.047615
Std = 1.8488325776
