Mean = 14.2909039
Min = 12.750486
Max = 15.285739
Std = 0.895587523125
