Mean = 92.5013807
Min = 90.687714
Max = 99.361057
Std = 2.39275763235
