Mean = 13.5071433
Min = 11.750613
Max = 15.95183
Std = 1.41234112457
