Mean = 18.8596866
Min = 16.391027
Max = 21.476691
Std = 1.60257224818
