Mean = 27.8280562
Min = 26.452246
Max = 29.451713
Std = 0.856840539081
