Mean = 47.2345092
Min = 45.05416
Max = 51.3303
Std = 1.83609843927
