Mean = 17.2735445
Min = 14.813434
Max = 21.309085
Std = 1.57411479788
