Mean = 13.8023358
Min = 12.884125
Max = 14.98395
Std = 0.705054554348
