Mean = 14.246182
Min = 12.4781
Max = 17.590606
Std = 1.73210620346
