Mean = 92.5718685
Min = 91.420676
Max = 93.659785
Std = 0.7057436704
