Mean = 6.6187603
Min = 5.736809
Max = 7.208774
Std = 0.604838259646
