Mean = 39.7862999
Min = 38.546533
Max = 41.888626
Std = 0.902038999195
