Mean = 1.50781
Min = 1.488123
Max = 1.553972
Std = 0.0180762110632
