Mean = 0.0705228
Min = 0.065074
Max = 0.079862
Std = 0.00496930101322
