Mean = 0.3121403
Min = 0.291322
Max = 0.356686
Std = 0.0231747443828
