Mean = 13.8768955
Min = 11.668606
Max = 15.619681
Std = 1.03945850099
