Mean = 17.7011106
Min = 15.817603
Max = 19.491269
Std = 1.08480447965
