Mean = 28.085946
Min = 26.282769
Max = 30.496234
Std = 1.27387704084
