Mean = 28.543545
Min = 25.588594
Max = 31.914134
Std = 1.7759895626
