Mean = 14.4008038
Min = 13.102286
Max = 15.402787
Std = 0.71607776634
