Mean = 18.2408257
Min = 16.257846
Max = 20.315106
Std = 1.24480213098
