Mean = 27.8390265
Min = 25.36862
Max = 29.728259
Std = 1.48813497922
