Mean = 46.8075857
Min = 45.157808
Max = 50.179228
Std = 1.40064729259
