Mean = 13.3104409
Min = 12.079757
Max = 15.957473
Std = 1.154229066
