Mean = 49.6071703
Min = 47.130707
Max = 51.288587
Std = 1.35535852469
