Mean = 28.4410534
Min = 26.702723
Max = 31.454033
Std = 1.3694402692
