Mean = 13.6452751
Min = 12.580971
Max = 14.543641
Std = 0.730180826351
