Mean = 92.7954386
Min = 90.565238
Max = 97.473722
Std = 2.2315062326
