Mean = 17.2911387
Min = 16.365274
Max = 18.130409
Std = 0.558545123781
