Mean = 92.1719101
Min = 89.858889
Max = 97.099906
Std = 2.00218778555
