Mean = 16.9723137
Min = 15.259998
Max = 19.731136
Std = 1.26242388922
