Mean = 13.2247332
Min = 12.067816
Max = 15.137806
Std = 0.907047315912
