Mean = 16.4322543
Min = 14.229773
Max = 18.584902
Std = 1.07959929665
