Mean = 93.2577131
Min = 90.287547
Max = 99.335691
Std = 2.8414490325
