Mean = 17.1045322
Min = 15.564176
Max = 18.604773
Std = 0.871894505113
