Mean = 15.2000549
Min = 13.986964
Max = 18.236616
Std = 1.43284215509
