Mean = 47.9843211
Min = 45.540727
Max = 50.98519
Std = 2.07705545665
