Mean = 48.0398778
Min = 44.943787
Max = 51.312697
Std = 2.15516750014
