Mean = 27.6038572
Min = 25.446894
Max = 31.095098
Std = 1.59098127691
