Mean = 14.7290719
Min = 12.702257
Max = 17.524276
Std = 1.3092559897
