Mean = 50.0859606
Min = 46.505794
Max = 53.308608
Std = 2.62131866476
