Mean = 14.1585333
Min = 11.967972
Max = 16.50588
Std = 1.31840590267
