Mean = 93.0074391
Min = 90.880546
Max = 97.044599
Std = 1.72141914144
